0.01 -4.553459088878369
0.02 -3.7372983233843264
0.03 -3.157469897873673
0.04 -2.6566528582354945
0.05 -2.191943958685519
0.06 -1.7488441463775537
0.07 -1.3231708031932348
0.08 -0.9152173599689526
0.09 -0.5273561904510845
0.1 -0.16287842608016626
0.11 0.17464155297237702
0.12 0.48172831672603234
0.13 0.7552506424441717
0.14 0.9925844167435238
0.15 1.1917207336454723
0.16 1.3513340545853807
0.17 1.4708190409297932
0.18 1.5503014880125572
0.19 1.590627154899919
0.2 1.593331457054044
0.21 1.560592592587548
0.22 1.495170505029882
0.23 1.4003340338237136
0.24 1.2797786030084168
0.25 1.1375368100439944
0.26 0.9778842771956887
0.27 0.8052431034541333
0.28 0.6240851977625447
0.29 0.43883768059319184
0.3 0.2537924097808034
0.31 0.07302151922969641
0.32 -0.09969934147503622
0.33 -0.26095860830956574
0.34 -0.4077660406223175
0.35000000000000003 -0.5375986636429492
0.36 -0.6484347685064531
0.37 -0.7387756131309224
0.38 -0.807654757126795
0.39 -0.8546352466587895
0.4 -0.879795134678681
0.41000000000000003 -0.883702072458767
0.42 -0.8673779346870829
0.43 -0.8322546379997138
0.44 -0.7801224779408593
0.45 -0.7130724390055279
0.46 -0.6334340245642909
0.47000000000000003 -0.5437102069412134
0.48 -0.4465111124861949
0.49 -0.3444880328345036
0.5 -0.24026929323984866
0.51 -0.1363994142865857
0.52 -0.03528287756597385
0.53 0.06086634716376397
0.54 0.15006853186969876
0.55 0.23061438997410294
0.56 0.3010931660318621
0.5700000000000001 0.3604122505543543
0.58 0.40780817266015357
0.59 0.44284903780145474
0.6 0.46542868435931056
0.61 0.47575302662083147
0.62 0.47431922816866395
0.63 0.4618885051666684
0.64 0.43945349015575186
0.65 0.40820119118795606
0.66 0.3694726565499121
0.67 0.3247205008318397
0.68 0.2754654633195993
0.6900000000000001 0.22325315501404275
0.7000000000000001 0.16961210713376704
0.71 0.11601416354295666
0.72 0.06383816460487339
0.73 0.014337753492112047
0.74 -0.031385998540823
0.75 -0.07240660014730584
0.76 -0.10798839217296811
0.77 -0.13759681985572675
0.78 -0.16090266657867386
0.79 -0.17778035395436073
0.8 -0.18830056914212287
0.81 -0.19271762552174598
0.8200000000000001 -0.19145209363710358
0.8300000000000001 -0.18506935258903912
0.84 -0.1742548052117372
0.85 -0.15978657138982488
0.86 -0.14250652134999917
0.87 -0.12329053390993695
0.88 -0.10301886335090807
0.89 -0.08254747329840191
0.9 -0.06268114786182627
0.91 -0.04414912099221779
0.92 -0.027583876784367325
0.93 -0.013503668957161147
0.9400000000000001 -0.002299190060444313
0.9500000000000001 0.005775306551778225
0.96 0.010606262691625056
0.97 0.012220416253075942
0.98 0.010779849191458102
0.99 0.006572714984045396
1.0 -0.0
1.01 -0.008441216281513632
1.02 -0.018177441128235643
1.03 -0.028580748105743663
1.04 -0.038992355460744865
1.05 -0.04874706228850681
1.06 -0.05719778246128324
1.07 -0.06373941887621455
1.08 -0.06783134448701973
1.09 -0.06901780101448451
1.1 -0.0669455898446124
1.11 -0.06137851057489041
1.12 -0.052208098660417104
1.1300000000000001 -0.03946032195471435
1.1400000000000001 -0.023298013629358582
1.1500000000000001 -0.004018942749028729
1.16 0.01795044972040652
1.17 0.04206549594048929
1.18 0.06767765215916231
1.19 0.09405236640484925
1.2 0.12038997022412021
1.21 0.14584901168881154
1.22 0.16957137269179035
1.23 0.1907084572598433
1.24 0.20844770080255695
1.25 0.22203863393678358
1.26 0.2308177392839105
1.27 0.23423136538183653
1.28 0.2318560079804642
1.29 0.2234153343537621
1.3 0.20879340920745404
1.31 0.18804367916492173
1.32 0.16139338413650003
1.33 0.1292431852309871
1.34 0.09216192708956934
1.35 0.05087658425346475
1.36 0.006257572951459238
1.37 -0.040700261973296584
1.3800000000000001 -0.08890055380094491
1.3900000000000001 -0.1371716717759475
1.4000000000000001 -0.184295689250543
1.41 -0.22903933890558995
1.42 -0.2701861675145447
1.43 -0.30656905836763093
1.44 -0.3371022664288256
1.45 -0.3608121103617966
1.46 -0.37686548697355493
1.47 -0.3845954170550293
1.48 -0.38352289614743446
1.49 -0.37337440798594906
1.5 -0.3540945603068789
1.51 -0.3258534199221568
1.52 -0.28904825362696984
1.53 -0.244299520432968
1.54 -0.1924411053685532
1.55 -0.13450493203899136
1.56 -0.07170023658402405
1.57 -0.005387925905693362
1.58 0.0629494255424413
1.59 0.1317412669290532
1.6 0.1993656728982421
1.61 0.2641879931729777
1.62 0.3246006218539471
1.6300000000000001 0.3790629156199641
1.6400000000000001 0.4261402710095945
1.6500000000000001 0.4645413763973347
1.6600000000000001 0.49315268431724674
1.67 0.5110692039686248
1.68 0.5176207909940898
1.69 0.5123932103008421
1.7 0.4952433656043725
1.71 0.4663082238179495
1.72 0.42600711026326865
1.73 0.37503720844914806
1.74 0.31436226208868095
1.75 0.24519464314514836
1.76 0.16897111396398776
1.77 0.08732276991857783
1.78 0.002039797531457742
1.79 -0.08496818200862401
1.8 -0.17171529607413963
1.81 -0.25618514485527377
1.82 -0.3363780057627482
1.83 -0.4103584066952597
1.84 -0.4763019327570985
1.85 -0.5325401340216814
1.86 -0.5776024323164303
1.87 -0.6102539823209857
1.8800000000000001 -0.6295285254354704
1.8900000000000001 -0.6347553821651912
1.9000000000000001 -0.6255798578608689
1.9100000000000001 -0.6019764846791243
1.92 -0.5642546862331305
1.93 -0.5130566268274964
1.94 -0.44934719033394516
1.95 -0.3743962203595618
1.96 -0.28975333895855354
1.97 -0.1972158412938889
1.98 -0.0987903340080082
1.99 0.003351058554585997
2.0 0.10691895758686257
2.0100000000000002 0.20955838261497498
2.02 0.308902621053314
2.0300000000000002 0.40262807561556385
2.04 0.48850881319566086
2.05 0.5644695311502829
2.06 0.6286356795109341
2.07 0.6793795302934821
2.08 0.715361066805308
2.09 0.7355626750257529
2.1 0.7393167534409719
2.11 0.7263255142193384
2.12 0.6966724238381167
2.13 0.6508249212616812
2.14 0.5896282521886625
2.15 0.5142904641080469
2.16 0.4263588141331925
2.17 0.3276880449535231
2.18 0.2204011789401683
2.19 0.10684366181183641
2.2 -0.010468149069717133
2.21 -0.12890301474765933
2.22 -0.24577410930796445
2.23 -0.3584002368180674
2.24 -0.46416757025756455
2.25 -0.5605904862559004
2.2600000000000002 -0.6453700766074738
2.27 -0.7164489578424741
2.2800000000000002 -0.7720610729386219
2.29 -0.8107752831443048
2.3000000000000003 -0.8315316806899022
2.31 -0.8336697120384723
2.32 -0.8169473827867338
2.33 -0.7815510153326866
2.34 -0.7280952444739361
2.35 -0.6576131593236001
2.36 -0.571536727210043
2.37 -0.47166786130864363
2.38 -0.3601407133731633
2.39 -0.2393759809338322
2.4 -0.1120282097852503
2.41 0.019072757079683273
2.42 0.15098488784240152
2.43 0.2807202150085376
2.44 0.40531273625340913
2.45 0.521886415268272
2.46 0.6277217196715793
2.47 0.72031915380819
2.48 0.7974583008108377
2.49 0.857250979606235
2.5 0.8981872467621486
2.5100000000000002 0.9191731275663401
2.52 0.919559142156713
2.5300000000000002 0.8991588968911807
2.54 0.8582572339026783
2.5500000000000003 0.7976076679191999
2.56 0.7184190835860926
2.57 0.6223319131305046
2.58 0.5113842575838807
2.59 0.3879686492902288
2.6 0.25478037360559663
2.61 0.11475846836117283
2.62 -0.028979303943546537
2.63 -0.17320606836109922
2.64 -0.3146584754933677
2.65 -0.450110725843646
2.66 -0.5764482974115023
2.67 -0.6907396880797793
2.68 -0.7903045177401454
2.69 -0.8727764067263069
2.7 -0.9361591555830396
2.71 -0.9788748942439636
2.72 -0.9998030432642014
2.73 -0.9983091320504323
2.74 -0.9742627445851572
2.75 -0.9280441069250637
2.7600000000000002 -0.8605390872858741
2.77 -0.7731226430013539
2.7800000000000002 -0.6676310130601056
2.79 -0.5463232142203599
2.8000000000000003 -0.4118326468993216
2.81 -0.267109848369912
2.82 -0.1153576398632808
2.83 0.04003990395803412
2.84 0.1955930843612323
2.85 0.34778511278564295
2.86 0.4931517788802276
2.87 0.6283604441393859
2.88 0.7502865569404561
2.89 0.8560859300543538
2.9 0.943261107443456
2.91 1.0097202716576437
2.92 1.0538273037674177
2.93 1.0744418010709527
2.94 1.070948079546987
2.95 1.0432724332925916
2.96 0.991888186510641
2.97 0.9178083490805589
2.98 0.8225659681300547
2.99 0.7081825489284174
3.0 0.5771251924227292
3.0100000000000002 0.4322533575386249
3.02 0.27675639793701245
3.0300000000000002 0.11408323963364783
3.04 -0.05213424733458095
3.0500000000000003 -0.2181624776042567
3.06 -0.38025015957198893
3.0700000000000003 -0.5347131913787814
3.08 -0.6780185195193017
3.09 -0.8068650487050624
3.1 -0.9182597481288193
3.11 -1.0095871983567513
3.12 -1.0786709626788968
3.13 -1.123825343905985
3.14 -1.1438962984702727