0.0 0.0
0.01 -0.013719523127843473
0.02 -0.02745530711216196
0.03 -0.04122366411588911
0.04 -0.05504100926473508
0.05 -0.06892391300732226
0.06 -0.08288915454137076
0.07 -0.0969537766807605
0.08 -0.1111351425554414
0.09 -0.12545099455817393
0.1 -0.13991951597935914
0.11 -0.1545593958042783
0.12 -0.16938989718653225
0.13 -0.18443093015810785
0.14 -0.19970312919123367
0.15 -0.21522793629110892
0.16 -0.23102769037301976
0.17 -0.24712572376386266
0.18 -0.2635464667685453
0.19 -0.28031556135835667
0.2 -0.2974599851738575
0.21 -0.3150081871923126
0.22 -0.33299023659298366
0.23 -0.3514379865672975
0.24 -0.37038525507050096
0.25 -0.38986802480355964
0.26 -0.4099246650567848
0.27 -0.43059617844975595
0.28 -0.4519264760774222
0.29 -0.4739626851343708
0.3 -0.4967554937559677
0.31 -0.5203595386083799
0.32 -0.5448338417065569
0.33 -0.5702423040737822
0.34 -0.5966542652205107
0.35000000000000003 -0.624145139066537
0.36 -0.652797138925453
0.37 -0.6827001065977103
0.38 -0.7139524635850784
0.39 -0.7466623060811977
0.4 -0.7809486698855093
0.41000000000000003 -0.8169429969576916
0.42 -0.8547908422716409
0.43 -0.894653868328072
0.44 -0.936712185651943
0.45 -0.9811671115111099
0.46 -1.028244436850272
0.47000000000000003 -1.078198314259291
0.48 -1.1313159093465757
0.49 -1.1879229964435374
0.5 -1.2483907302799548
0.51 -1.3131438925572478
0.52 -1.3826710024519238
0.53 -1.4575368019390702
0.54 -1.5383977933748918
0.55 -1.626021737003361
0.56 -1.7213123382059936
0.5700000000000001 -1.8253408110736178
0.58 -1.9393866617789564
0.59 -2.0649909946956773
0.6 -2.204027069441641
0.61 -2.3587949935689143
0.62 -2.532150765633425
0.63 -2.7276851419877346
0.64 -2.9499763142781714
0.65 -3.204954557333198
0.66 -3.500441351782962
0.67 -3.846968817003118
0.68 -4.259065621995277
0.6900000000000001 -4.757351660218607
0.7000000000000001 -5.372104423917821
0.71 -6.149663410513292
0.72 -7.164710295374787
0.73 -8.545849370685266
0.74 -10.534996098236032
0.75 -13.647429447432172
0.76 -19.209947959937384
0.77 -31.995987834779346
0.78 -92.14979238453923
0.79 109.12544180851103
0.8 34.71428640965903
0.81 20.794532166829963
0.8200000000000001 14.919752108365945
0.8300000000000001 11.678735459916133
0.84 9.624394137265318
0.85 8.205643555209532
0.86 7.166878871096913
0.87 6.373345355311452
0.88 5.747265361170406
0.89 5.240603100420992
0.9 4.822088469607059
0.91 4.470489342637478
0.92 4.1708828000823255
0.93 3.9124735461930857
0.9400000000000001 3.6872589841803927
0.9500000000000001 3.4891808925299017
0.96 3.3135686180716575
0.97 3.1567632442450027
0.98 3.015857636171778
0.99 2.88851271783603
1.0 2.7728251155539922
1.01 2.667230158769534
1.02 2.5704296883192423
1.03 2.481337572768867
1.04 2.3990380641673172
1.05 2.322753596557484
1.06 2.2518196201344587
1.07 2.185664740565935
1.08 2.1237949029069774
1.09 2.065780690613316
1.1 2.011247046517484
1.11 1.9598648934583809
1.12 1.9113442571327566
1.1300000000000001 1.8654285860005255
1.1400000000000001 1.8218900319220892
1.1500000000000001 1.7805255070577837
1.16 1.7411533719536614
1.17 1.703610639913312
1.18 1.6677506060484535
1.19 1.6334408275126095
1.2 1.6005613956020994
1.21 1.5690034515827285
1.22 1.5386679069605975
1.23 1.509464335981817
1.24 1.4813100138131912
1.25 1.4541290784252077
1.26 1.4278517979013219
1.27 1.4024139279123329
1.28 1.3777561465606925
1.29 1.3538235558255969
1.3 1.33056524051117
1.31 1.3079338769845266
1.32 1.2858853851416645
1.33 1.2643786179997927
1.34 1.243375084119173
1.35 1.2228386987334967
1.36 1.2027355600375376
1.37 1.183033747562488
1.3800000000000001 1.1637031399777475
1.3900000000000001 1.1447152500050874
1.4000000000000001 1.1260430744269647
1.41 1.1076609574235003
1.42 1.0895444656889552
1.43 1.071670273964099
1.44 1.0540160597802242
1.45 1.0365604063476566
1.46 1.0192827126396393
1.47 1.002163109824095
1.48 0.985182383283342
1.49 0.9683218995371473
1.5 0.9515635374492253
1.51 0.9348896231526985
1.52 0.9182828681772963
1.53 0.9017263103010701
1.54 0.8852032566829505
1.55 0.8686972288601977
1.56 0.8521919092171962
1.57 0.8356710885495785
1.58 0.8191186143605991
1.59 0.8025183395353013
1.6 0.7858540710424364
1.61 0.7691095183144295
1.62 0.752268240951911
1.6300000000000001 0.7353135953913953
1.6400000000000001 0.7182286801624488
1.6500000000000001 0.7009962793439108
1.6600000000000001 0.683598803807131
1.67 0.6660182298073337
1.68 0.648236034451653
1.69 0.6302331275334447
1.7 0.6119897791764384
1.71 0.5934855426782535
1.72 0.5746991718796504
1.73 0.555608532312349
1.74 0.536190505292767
1.75 0.516420884029773
1.76 0.49627426069929426
1.77 0.47572390330478065
1.78 0.4547416209869374
1.79 0.43329761626504526
1.8 0.41136032248111576
1.81 0.388896224471603
1.82 0.36586966020292266
1.83 0.34224260076865065
1.84 0.3179744057484162
1.85 0.29302155045941725
1.86 0.26733732107691544
1.87 0.24087147294241196
1.8800000000000001 0.21356984659590728
1.8900000000000001 0.18537393513496814
1.9000000000000001 0.1562203953851249
1.9100000000000001 0.12604049402209216
1.92 0.09475947816465946
1.93 0.0622958579927716
1.94 0.028560586555966383
1.95 -0.006543880981667249
1.96 -0.04312466999611009
1.97 -0.08129973671103508
1.98 -0.12119931738613099
1.99 -0.16296761443371066
2.0 -0.20676476605442395
2.0100000000000002 -0.25276915674726264
2.02 -0.3011801396952093
2.0300000000000002 -0.35222125943931437
2.04 -0.4061440856213625
2.05 -0.46323279751742186
2.06 -0.5238096968208077
2.07 -0.5882418757364872
2.08 -0.6569493332161804
2.09 -0.7304149201664066
2.1 -0.8091966133802106
2.11 -0.8939427803338402
2.12 -0.9854113212583726
2.13 -1.0844938883983368
2.14 -1.192246826380412
2.15 -1.3099311154282325
2.16 -1.4390645295559827
2.17 -1.5814906019911297
2.18 -1.7394710751581886
2.19 -1.9158117267790664
2.2 -2.114036529921057
2.21 -2.338633289989858
2.22 -2.5954074957515885
2.23 -2.8920044106498297
2.24 -3.238700758815603
2.25 -3.649643713956047
2.2600000000000002 -4.14486269004682
2.27 -4.753681539229969
2.2800000000000002 -5.5208177132746385
2.29 -6.518009825251204
2.3000000000000003 -7.868060194333639
2.31 -9.800105197860992
2.32 -12.796507885654297
2.33 -18.07621665050829
2.34 -29.868950274514408
2.35 -79.71720100287169
2.36 132.3820373726019
2.37 37.20488562476782
2.38 21.984827108145183
2.39 15.765557008971465
2.4 12.382897382671194
2.41 10.255232090655918
2.42 8.79246754520948
2.43 7.724319610625054
2.44 6.909509050498553
2.45 6.266999626192469
2.46 5.746980849009024
2.47 5.317149067389602
2.48 4.95563716543717
2.49 4.64711466925196
2.5 4.380515006246586
2.5100000000000002 4.147649367182124
2.52 3.9423282936087407
2.5300000000000002 3.759786504787942
2.54 3.596295479171399
2.5500000000000003 3.4488959759503244
2.56 3.3152093014835025
2.57 3.1933015394913924
2.58 3.081584179444883
2.59 2.9787402457306076
2.6 2.8836686059480354
2.61 2.795441444489794
2.62 2.7132714080237545
2.63 2.6364859501846234
2.64 2.564507099791999
2.65 2.49683536041001
2.66 2.433036789328816
2.67 2.3727325467250546
2.68 2.3155903809839806
2.69 2.261317644147974
2.7 2.209655525935033
2.71 2.1603742652167863
2.72 2.113269150863802
2.73 2.0681571641194245
2.74 2.0248741454772223
2.75 1.9832723928090228
2.7600000000000002 1.9432186159637361
2.77 1.9045921875127605
2.7800000000000002 1.8672836407031603
2.79 1.8311933747032472
2.8000000000000003 1.79623053441839
2.81 1.7623120379215835
2.82 1.72936172919064
2.83 1.6973096376084604
2.84 1.666091328746821
2.85 1.6356473334595236
2.86 1.605922644368449
2.87 1.576866270522991
2.88 1.5484308424186344
2.89 1.5205722607283993
2.9 1.4932493830754314
2.91 1.4664237439907502
2.92 1.4400593038855498
2.93 1.414122223444829
2.94 1.3885806603372983
2.95 1.3634045855501693
2.96 1.3385656170091385
2.97 1.3140368684434243
2.98 1.289792811711691
2.99 1.2658091510236367
3.0 1.242062707679903
3.0100000000000002 1.2185313141142047
3.02 1.1951937161603907
3.0300000000000002 1.1720294825864943
3.04 1.1490189210407875
3.0500000000000003 1.1261429996433598
3.06 1.1033832735330593
3.0700000000000003 1.0807218157450709
3.08 1.0581411518505839
3.09 1.0356241978378047
3.1 1.01315420075418
3.11 0.9907146816636992
3.12 0.9682893805013033
3.13 0.9458622024292846
3.14 0.9234171653184021